30

flower
110 220 110
19
237 237 207 169 147 146 154 179 206 231 237 229 216 189 176 177 187 202 217
442 457 467 462 437 403 377 358 350 357 379 379 372 382 402 426 441 447 446

flower
110 220 110
29
334 334 310 290 271 259 261 282 298 311 314 306 293 276 260 261 272 291 309 324 337 345 344 330 311 292 285 296 314
441 460 467 472 458 435 418 405 399 399 388 378 375 383 385 365 360 357 356 357 370 389 409 416 424 426 439 445 447

flower
110 220 110
19
373 373 397 424 424 423 424 445 446 427 406 385 377 375 397 396 397 396 393
444 458 463 461 430 401 374 377 359 361 358 357 357 375 375 390 412 434 447

flower
110 220 110
23
544 543 471 475 492 506 520 519 509 491 471 471 484 514 533 547 549 538 519 502 489 495 516
450 461 462 406 413 412 402 385 375 375 388 364 354 351 362 381 407 425 430 429 429 443 444

flower
110 220 110
23
569 566 580 598 617 624 622 610 595 584 577 574 593 611 629 644 655 656 650 634 620 595 577
432 417 403 395 394 399 384 377 376 381 383 362 355 354 358 377 399 426 445 459 468 466 455

flower
185 240 185
8
610 598 598 603 614 622 624 619
448 444 425 417 414 421 434 444

beetle
255 255 0 1.0 .01

beetle
255 255 0 1.0 .01

beetle
255 255 0 1.0 .01

beetle
255 255 0 1.0 .01

beetle
255 255 0 1.0 .01

beetle
255 255 0 1.0 .01

beetle
255 255 0 1.0 .01

beetle
255 255 0 1.0 .01

beetle
255 255 0 1.0 .01

beetle
255 255 0 1.0 .01

beetle
255 255 0 1.0 .01

beetle
255 255 0 1.0 .01

beetle
255 255 0 1.0 .01

beetle
255 255 0 1.0 .01

beetle
255 255 0 1.0 .01

beetle
255 255 0 1.0 .01

beetle
255 255 0 1.0 .01

beetle
255 255 0 1.0 .01

beetle
255 255 0 1.0 .01

swarm
200
0 0 0 1.0 0.2
255 0 0 5.0 0.25 0.15

swarm
100
0 0 0 5.5 0.35
100 100 255 4.5 0.15 0.1

swarm
20
220 120 0 .6 0.15
255 200 70 .5 0.15 0.05

bee
255 0 0 10.0 0.05

bee
255 0 0 10.0 0.05

